# Power spectrum from COğ˜•CEPT job 23 at t = 0.091196851 Gyr, a = 0.03.
# 
# Below, the following component mapping is used:
#   matter: 0
# 
#                    grid size 64                    
# â•­â”€â”€â”€â”€â”€â”€â”€â”€â”€â”€â”€â”€â”€â”€â”€â”€â”€â”€â”€â”€â”€â”€â”€â”€â”€â”€â”€â”€â”€â”€â”€â”€â”€â”€â”€â”€â”€â”€â”€â”€â”€â”€â”€â”€â”€â”€â”€â”€â”€â•®
#                       component 0       (linear)   
#                      Ïƒâ‚ˆ = 3.39e-02   Ïƒâ‚ˆ = 3.05e-02 
#  k [Mpcâ»Â¹]    modes   power [MpcÂ³]    power [MpcÂ³] 
1.6444274e-02       3  1.1465333e+02   1.1451785e+02 
2.5346356e-02      10  7.9784809e+01   7.9283676e+01 
3.7898992e-02      27  5.5274326e+01   5.5145012e+01 
5.1056691e-02      45  4.1978306e+01   4.2415840e+01 
6.3292620e-02      67  2.8786468e+01   2.8836563e+01 
7.7668197e-02     141  2.1289069e+01   2.1532082e+01 
9.3140943e-02     181  1.6632996e+01   1.7317414e+01 
1.0905216e-01     277  1.1753393e+01   1.2171197e+01 
1.2617612e-01     399  9.3410497e+00   1.0036596e+01 
1.4269483e-01     445  7.3730781e+00   7.9067843e+00 
1.5887154e-01     597  5.7884137e+00   6.3310460e+00 
1.7505023e-01     679  4.8591512e+00   5.4557510e+00 
1.9121091e-01     849  3.9548877e+00   4.4882172e+00 
2.0755658e-01     997  3.2933692e+00   3.8421898e+00 
2.2392221e-01    1159  2.7898807e+00   3.3200633e+00 
2.4016044e-01    1305  2.3358287e+00   2.8576034e+00 
2.5621197e-01    1501  1.9649210e+00   2.5108817e+00 
2.7258622e-01    1725  1.3878294e+00   2.2138555e+00 
2.8928282e-01    2011  1.3560141e+00   1.9463804e+00 
3.0563309e-01    2077  1.4003949e+00   1.7385580e+00 
3.2181557e-01    2421  1.5339041e+00   1.5584910e+00 
3.3823443e-01    2647  1.7252804e+00   1.3984920e+00 
3.5478669e-01    2949  2.0903490e+00   1.2619923e+00 
3.7123990e-01    3205  2.5786257e+00   1.1446592e+00 
3.8705694e-01    3219  3.3388800e+00   1.0452939e+00 
4.0326902e-01    3913  4.3182814e+00   9.5537241e-01 
4.1993599e-01    4093  6.2579892e+00   8.7381675e-01 
4.3633348e-01    4389  8.8653507e+00   nan           
4.5264991e-01    4747  1.3534061e+01   nan           
4.6876042e-01    4893  1.6229600e+01   nan           
4.8503420e-01    5569  3.3184646e+01   nan           
5.0139342e-01    5703  9.7186599e+01   nan           
5.1777494e-01    6286  5.8468718e+01   nan           
