# Power spectrum from COğ˜•CEPT job 23 at t = 2.8893555 Gyr, a = 0.3.
# 
# Below, the following component mapping is used:
#   matter: 0
# 
#                    grid size 64                    
# â•­â”€â”€â”€â”€â”€â”€â”€â”€â”€â”€â”€â”€â”€â”€â”€â”€â”€â”€â”€â”€â”€â”€â”€â”€â”€â”€â”€â”€â”€â”€â”€â”€â”€â”€â”€â”€â”€â”€â”€â”€â”€â”€â”€â”€â”€â”€â”€â”€â”€â•®
#                       component 0       (linear)   
#                      Ïƒâ‚ˆ = 2.93e-01   Ïƒâ‚ˆ = 3.00e-01 
#  k [Mpcâ»Â¹]    modes   power [MpcÂ³]    power [MpcÂ³] 
1.6444274e-02       3  1.1125034e+04   1.1060503e+04 
2.5346356e-02      10  7.6743541e+03   7.6561724e+03 
3.7898992e-02      27  5.4081199e+03   5.3251011e+03 
5.1056691e-02      45  3.9307384e+03   4.0959132e+03 
6.3292620e-02      67  2.6873068e+03   2.7845321e+03 
7.7668197e-02     141  1.9953164e+03   2.0792227e+03 
9.3140943e-02     181  1.4501647e+03   1.6722493e+03 
1.0905216e-01     277  9.8136242e+02   1.1752796e+03 
1.2617612e-01     399  7.4010324e+02   9.6917859e+02 
1.4269483e-01     445  6.0538424e+02   7.6350689e+02 
1.5887154e-01     597  4.6147348e+02   6.1134663e+02 
1.7505023e-01     679  3.8170535e+02   5.2682940e+02 
1.9121091e-01     849  3.0505276e+02   4.3339711e+02 
2.0755658e-01     997  2.5050933e+02   3.7101600e+02 
2.2392221e-01    1159  2.0515924e+02   3.2059707e+02 
2.4016044e-01    1305  1.6469050e+02   2.7593983e+02 
2.5621197e-01    1501  1.4145319e+02   2.4245949e+02 
2.7258622e-01    1725  1.0329354e+02   2.1377768e+02 
2.8928282e-01    2011  1.0808807e+02   1.8794924e+02 
3.0563309e-01    2077  1.2467028e+02   1.6788103e+02 
3.2181557e-01    2421  1.3880778e+02   1.5049311e+02 
3.3823443e-01    2647  1.6826430e+02   1.3504319e+02 
3.5478669e-01    2949  2.1052703e+02   1.2186249e+02 
3.7123990e-01    3205  2.4143167e+02   1.1053239e+02 
3.8705694e-01    3219  3.1832064e+02   1.0093718e+02 
4.0326902e-01    3913  3.8445409e+02   9.2253975e+01 
4.1993599e-01    4093  4.8690701e+02   8.4378737e+01 
4.3633348e-01    4389  6.6198456e+02   nan           
4.5264991e-01    4747  9.5752290e+02   nan           
4.6876042e-01    4893  8.9659624e+02   nan           
4.8503420e-01    5569  1.6274426e+03   nan           
5.0139342e-01    5703  2.8229007e+03   nan           
5.1777494e-01    6286  1.9993271e+03   nan           
