# Power spectrum from COğ˜•CEPT job 23 at t = 0.01713743 Gyr, a = 0.01.
# 
# Below, the following component mapping is used:
#   matter: 0
# 
#                    grid size 64                    
# â•­â”€â”€â”€â”€â”€â”€â”€â”€â”€â”€â”€â”€â”€â”€â”€â”€â”€â”€â”€â”€â”€â”€â”€â”€â”€â”€â”€â”€â”€â”€â”€â”€â”€â”€â”€â”€â”€â”€â”€â”€â”€â”€â”€â”€â”€â”€â”€â”€â”€â•®
#                       component 0       (linear)   
#                      Ïƒâ‚ˆ = 1.18e-02   Ïƒâ‚ˆ = 1.03e-02 
#  k [Mpcâ»Â¹]    modes   power [MpcÂ³]    power [MpcÂ³] 
1.6444274e-02       3  1.3057968e+01   1.3059523e+01 
2.5346356e-02      10  9.1381410e+00   9.0511608e+00 
3.7898992e-02      27  6.3290436e+00   6.2965707e+00 
5.1056691e-02      45  4.8332112e+00   4.8433446e+00 
6.3292620e-02      67  3.3422459e+00   3.2943385e+00 
7.7668197e-02     141  2.4874103e+00   2.4593976e+00 
9.3140943e-02     181  1.9687036e+00   1.9778299e+00 
1.0905216e-01     277  1.4117299e+00   1.3905532e+00 
1.2617612e-01     399  1.1388060e+00   1.1463165e+00 
1.4269483e-01     445  9.0715873e-01   9.0321870e-01 
1.5887154e-01     597  7.2717510e-01   7.2322848e-01 
1.7505023e-01     679  6.2163869e-01   6.2316949e-01 
1.9121091e-01     849  5.1470728e-01   5.1271383e-01 
2.0755658e-01     997  4.3870472e-01   4.3889144e-01 
2.2392221e-01    1159  3.7951396e-01   3.7925062e-01 
2.4016044e-01    1305  3.2645900e-01   3.2643234e-01 
2.5621197e-01    1501  2.8227015e-01   2.8682098e-01 
2.7258622e-01    1725  2.1140919e-01   2.5289144e-01 
2.8928282e-01    2011  1.9664839e-01   2.2234027e-01 
3.0563309e-01    2077  1.8819547e-01   1.9859861e-01 
3.2181557e-01    2421  1.9651867e-01   1.7802928e-01 
3.3823443e-01    2647  2.0929720e-01   1.5975338e-01 
3.5478669e-01    2949  2.4380912e-01   1.4416086e-01 
3.7123990e-01    3205  2.9683090e-01   1.3075750e-01 
3.8705694e-01    3219  3.8619988e-01   1.1940672e-01 
4.0326902e-01    3913  5.0496369e-01   1.0913481e-01 
4.1993599e-01    4093  7.3174860e-01   9.9818572e-02 
4.3633348e-01    4389  1.0493924e+00   nan           
4.5264991e-01    4747  1.5953868e+00   nan           
4.6876042e-01    4893  1.9598054e+00   nan           
4.8503420e-01    5569  3.8651946e+00   nan           
5.0139342e-01    5703  1.1289803e+01   nan           
5.1777494e-01    6286  6.6364349e+00   nan           
