# Power spectrum from COğ˜•CEPT job 23 at t = 14.077056 Gyr, a = 1.
# 
# Below, the following component mapping is used:
#   matter: 0
# 
#                    grid size 64                    
# â•­â”€â”€â”€â”€â”€â”€â”€â”€â”€â”€â”€â”€â”€â”€â”€â”€â”€â”€â”€â”€â”€â”€â”€â”€â”€â”€â”€â”€â”€â”€â”€â”€â”€â”€â”€â”€â”€â”€â”€â”€â”€â”€â”€â”€â”€â”€â”€â”€â”€â•®
#                       component 0       (linear)   
#                      Ïƒâ‚ˆ = 8.01e-01   Ïƒâ‚ˆ = 7.86e-01 
#  k [Mpcâ»Â¹]    modes   power [MpcÂ³]    power [MpcÂ³] 
1.6444274e-02       3  7.6622485e+04   7.6101763e+04 
2.5346356e-02      10  5.2801816e+04   5.2678012e+04 
3.7898992e-02      27  3.9376030e+04   3.6638998e+04 
5.1056691e-02      45  2.6508003e+04   2.8181806e+04 
6.3292620e-02      67  1.9584453e+04   1.9158825e+04 
7.7668197e-02     141  1.5431557e+04   1.4305939e+04 
9.3140943e-02     181  1.0998724e+04   1.1505806e+04 
1.0905216e-01     277  7.3648292e+03   8.0864056e+03 
1.2617612e-01     399  5.9343355e+03   6.6683532e+03 
1.4269483e-01     445  4.6116519e+03   5.2532524e+03 
1.5887154e-01     597  4.1862441e+03   4.2063170e+03 
1.7505023e-01     679  3.7744912e+03   3.6247920e+03 
1.9121091e-01     849  3.0547713e+03   2.9819590e+03 
2.0755658e-01     997  2.8438532e+03   2.5527356e+03 
2.2392221e-01    1159  2.4589610e+03   2.2058346e+03 
2.4016044e-01    1305  2.2891858e+03   1.8985760e+03 
2.5621197e-01    1501  2.1389077e+03   1.6682156e+03 
2.7258622e-01    1725  1.9902315e+03   1.4708788e+03 
2.8928282e-01    2011  1.9742104e+03   1.2931730e+03 
3.0563309e-01    2077  1.9181997e+03   1.1550916e+03 
3.2181557e-01    2421  1.9514688e+03   1.0354520e+03 
3.3823443e-01    2647  2.0072330e+03   9.2915073e+02 
3.5478669e-01    2949  2.1227062e+03   8.3846509e+02 
3.7123990e-01    3205  2.0831826e+03   7.6050989e+02 
3.8705694e-01    3219  2.3274846e+03   6.9448905e+02 
4.0326902e-01    3913  2.2506513e+03   6.3474390e+02 
4.1993599e-01    4093  2.3832714e+03   5.8055938e+02 
4.3633348e-01    4389  2.3423443e+03   nan           
4.5264991e-01    4747  2.3969813e+03   nan           
4.6876042e-01    4893  2.3390282e+03   nan           
4.8503420e-01    5569  2.4109474e+03   nan           
5.0139342e-01    5703  2.4118681e+03   nan           
5.1777494e-01    6286  2.3422967e+03   nan           
