# Power spectrum from COğ˜•CEPT job 23 at t = 0.55999829 Gyr, a = 0.1.
# 
# Below, the following component mapping is used:
#   matter: 0
# 
#                    grid size 64                    
# â•­â”€â”€â”€â”€â”€â”€â”€â”€â”€â”€â”€â”€â”€â”€â”€â”€â”€â”€â”€â”€â”€â”€â”€â”€â”€â”€â”€â”€â”€â”€â”€â”€â”€â”€â”€â”€â”€â”€â”€â”€â”€â”€â”€â”€â”€â”€â”€â”€â”€â•®
#                       component 0       (linear)   
#                      Ïƒâ‚ˆ = 1.07e-01   Ïƒâ‚ˆ = 1.01e-01 
#  k [Mpcâ»Â¹]    modes   power [MpcÂ³]    power [MpcÂ³] 
1.6444274e-02       3  1.2626302e+03   1.2593591e+03 
2.5346356e-02      10  8.7287139e+02   8.7174362e+02 
3.7898992e-02      27  6.0617520e+02   6.0632415e+02 
5.1056691e-02      45  4.5392172e+02   4.6636665e+02 
6.3292620e-02      67  3.0797162e+02   3.1705158e+02 
7.7668197e-02     141  2.2620241e+02   2.3674375e+02 
9.3140943e-02     181  1.7192322e+02   1.9040499e+02 
1.0905216e-01     277  1.1874520e+02   1.3381932e+02 
1.2617612e-01     399  9.1848932e+01   1.1035227e+02 
1.4269483e-01     445  7.2429663e+01   8.6934026e+01 
1.5887154e-01     597  5.5156356e+01   6.9608932e+01 
1.7505023e-01     679  4.5335310e+01   5.9985645e+01 
1.9121091e-01     849  3.6144760e+01   4.9347298e+01 
2.0755658e-01     997  2.9171345e+01   4.2244472e+01 
2.2392221e-01    1159  2.4147075e+01   3.6503739e+01 
2.4016044e-01    1305  1.9382508e+01   3.1418989e+01 
2.5621197e-01    1501  1.5861992e+01   2.7606858e+01 
2.7258622e-01    1725  1.0273696e+01   2.4341088e+01 
2.8928282e-01    2011  1.1121981e+01   2.1400212e+01 
3.0563309e-01    2077  1.2964177e+01   1.9115241e+01 
3.2181557e-01    2421  1.4787430e+01   1.7135426e+01 
3.3823443e-01    2647  1.7852017e+01   1.5376249e+01 
3.5478669e-01    2949  2.2738955e+01   1.3875450e+01 
3.7123990e-01    3205  2.7734748e+01   1.2585388e+01 
3.8705694e-01    3219  3.5753366e+01   1.1492878e+01 
4.0326902e-01    3913  4.5608951e+01   1.0504203e+01 
4.1993599e-01    4093  6.5852586e+01   9.6075078e+00 
4.3633348e-01    4389  9.1528534e+01   nan           
4.5264991e-01    4747  1.4128522e+02   nan           
4.6876042e-01    4893  1.5822068e+02   nan           
4.8503420e-01    5569  3.3764523e+02   nan           
5.0139342e-01    5703  9.3975279e+02   nan           
5.1777494e-01    6286  6.0678292e+02   nan           
